0 0.00458133
25 0.05269027
50 0.07389093
75 0.28651571
100 0.43228927
125 0.62282699
150 0.57808592
175 0.45880882
200 0.55751246
225 0.73778753
250 0.81728634
275 1.25924863
300 1.31835916
325 1.53338179
350 1.78911308
375 1.73187399
400 2.05009897
425 2.23948355
450 2.44107744
475 2.7837202
500 3.6416781
525 3.70177327
550 4.48266806
575 5.05523402
600 5.29846959
625 5.49416148
650 5.32385572
675 6.74619823
700 10.21776094
725 9.70703926
750 10.75334105
775 12.18052871
800 10.06448734
825 11.20471106
850 13.39628555
875 14.92901754
900 15.70112869
925 17.44316532
950 17.06164059
975 15.00621647
1000 18.83077911
