0 0.00589431
25 0.15495588
50 0.2934691
75 0.9382559
100 1.30935679
125 3.22439889
150 1.68359156
175 1.155236
200 1.75562511
225 2.10162133
250 2.67008996
275 3.54840722
300 3.99344068
325 4.15143645
350 5.24431193
375 5.23878948
400 6.00244096
425 7.63750122
450 8.16461478
475 8.32859037
500 10.30468755
525 11.38688432
550 12.43892074
575 13.77510024
600 15.20524268
625 17.59953525
650 17.74866375
675 22.52783689
700 22.25778887
725 28.7679251
750 31.5919231
775 35.55298753
800 34.84443
825 41.49309695
850 41.14516881
875 46.4798732
900 48.10158364
925 58.21164315
950 55.84764653
975 57.11196745
1000 57.79828569
