0 7.502E-5
25 0.12115788
50 0.2131862
75 0.58943098
100 0.59055121
125 0.44010863
150 0.95395851
175 0.88636167
200 1.56442057
225 2.40755483
250 6.15876051
275 5.20430938
300 3.24345984
325 3.6058041
350 8.87344327
375 5.93024076
400 6.60411756
425 9.54381785
450 10.06422249
475 11.76646526
500 24.56484088
525 16.78164367
550 18.25053884
575 18.72023317
600 21.58125307
625 25.84612395
650 28.12467328
675 32.83814964
700 34.38839587
725 41.51903563
750 42.81929379
775 57.26602695
800 52.88986974
825 58.31982694
850 87.28397151
875 73.40009417
900 79.61938289
925 81.67230541
950 85.9855401
975 139.98904026
1000 150.41108722
